1 1 1 s H Hydrogen 1.0079 -259 -253 0.09 1776 13.5984
2 18 1 s He Helium 4.0026 -272 -269 0.18 1895 24.5874
3 1 2 s Li Lithium 6.941 180 1347 0.53 1817 5.3917
4 2 2 s Be Beryllium 9.0122 1278 2970 1.85 1797 9.3227
5 13 2 p B Boron 10.811 2300 2550 2.34 1808 8.298
6 14 2 p C Carbon 12.0107 3500 4827 2.26 0 11.2603
7 15 2 p N Nitrogen 14.0067 -210 -196 1.25 1772 14.5341
8 16 2 p O Oxygen 15.9994 -218 -183 1.43 1774 13.6181
9 17 2 p F Fluorine 18.9984 -220 -188 1.7 1886 17.4228
10 18 2 p Ne Neon 20.1797 -249 -246 0.9 1898 21.5645
11 1 3 s Na Sodium 22.9897 98 883 0.97 1807 5.1391
12 2 3 s Mg Magnesium 24.305 639 1090 1.74 1755 7.6462
13 13 3 p Al Aluminium 26.9815 660 2467 2.7 1825 5.9858
14 14 3 p Si Silicon 28.0855 1410 2355 2.33 1824 8.1517
15 15 3 p P Phosphorus 30.9738 44 280 1.82 1669 10.4867
16 16 3 p S Sulphur 32.065 113 445 2.07 0 10.36
17 17 3 p Cl Chlorine 35.453 -10 -35 3.32 1774 12.9676
18 18 3 p Ar Argon 39.948 -189 -186 1.78 1894 15.7596
19 1 4 s K Potassium 39.0983 64 774 0.86 1807 4.3407
20 2 4 s Ca Calcium 40.078 839 1484 1.55 1808 6.1132
21 3 4 d Sc Scandium 44.9559 1539 2832 2.99 1879 6.5615
22 4 4 d Ti Titanium 47.867 1660 3287 4.54 1791 6.8281
23 5 4 d V Vanadium 50.9415 1890 3380 6.11 1830 6.7462
24 6 4 d Cr Chromium 51.9961 1857 2672 7.19 1797 6.7665
25 7 4 d Mn Manganese 54.938 1245 1962 7.43 1774 7.434
26 8 4 d Fe Iron 55.845 1535 2750 7.87 0 7.9024
27 9 4 d Co Cobalt 58.9332 1495 2870 8.9 1735 7.881
28 10 4 d Ni Nickel 58.6934 1453 2732 8.9 1751 7.6398
29 11 4 d Cu Copper 63.546 1083 2567 8.96 0 7.7264
30 12 4 d Zn Zinc 65.39 420 907 7.13 0 9.3942
31 13 4 p Ga Gallium 69.723 30 2403 5.91 1875 5.9993
32 14 4 p Ge Germanium 72.64 937 2830 5.32 1886 7.8994
33 15 4 p As Arsenic 74.9216 81 613 5.72 0 9.7886
34 16 4 p Se Selenium 78.96 217 685 4.79 1817 9.7524
35 17 4 p Br Bromine 79.904 -7 59 3.12 1826 11.8138
36 18 4 p Kr Krypton 83.8 -157 -153 3.75 1898 13.9996
37 1 5 s Rb Rubidium 85.4678 39 688 1.63 1861 4.1771
38 2 5 s Sr Strontium 87.62 769 1384 2.54 1790 5.6949
39 3 5 d Y Yttrium 88.9059 1523 3337 4.47 1794 6.2173
40 4 5 d Zr Zirconium 91.224 1852 4377 6.51 1789 6.6339
41 5 5 d Nb Niobium 92.9064 2468 4927 8.57 1801 6.7589
42 6 5 d Mo Molybdenum 95.94 2617 4612 10.22 1781 7.0924
43 7 5 d Tc Technetium 98 2200 4877 11.5 1937 7.28
44 8 5 d Ru Ruthenium 101.07 2250 3900 12.37 1844 7.3605
45 9 5 d Rh Rhodium 102.9055 1966 3727 12.41 1803 7.4589
46 10 5 d Pd Palladium 106.42 1552 2927 12.02 1803 8.3369
47 11 5 d Ag Silver 107.8682 962 2212 10.5 0 7.5762
48 12 5 d Cd Cadmium 112.411 321 765 8.65 1817 8.9938
49 13 5 s In Indium 114.818 157 2000 7.31 1863 5.7864
50 14 5 s Sn Tin 118.71 232 2270 7.31 0 7.3439
51 15 5 s Sb Antimony 121.76 630 1750 6.68 0 8.6084
52 16 5 s Te Tellurium 127.6 449 990 6.24 1783 9.0096
53 17 5 s I Iodine 126.9045 114 184 4.93 1811 10.4513
54 18 5 s Xe Xenon 131.293 -112 -108 5.9 1898 12.1298
55 1 6 s Cs Cesium 132.9055 29 678 1.87 1860 3.8939
56 2 6 s Ba Barium 137.327 725 1140 3.59 1808 5.2117
57 0 6 f La Lanthanum 138.9055 920 3469 6.15 1839 5.5769
58 0 6 f Ce Cerium 140.116 795 3257 6.77 1803 5.5387
59 0 6 f Pr Praseodymium 140.9077 935 3127 6.77 1885 5.473
60 0 6 f Nd Neodymium 144.24 1010 3127 7.01 1885 5.525
61 0 6 f Pm Promethium 145 1100 3000 7.3 1945 5.582
62 0 6 f Sm Samarium 150.36 1072 1900 7.52 1879 5.637
63 0 6 f Eu Europium 151.964 822 1597 5.24 1901 5.6704
64 0 6 f Gd Gadolinium 157.25 1311 3233 7.9 1880 6.1501
65 0 6 f Tb Terbium 158.9253 1360 3041 8.23 1843 5.8638
66 0 6 f Dy Dysprosium 162.5 1412 2562 8.55 1886 5.9389
67 0 6 f Ho Holmium 164.9303 1470 2720 8.8 1867 6.0215
68 0 6 f Er Erbium 167.259 1522 2510 9.07 1842 6.1077
69 0 6 f Tm Thulium 168.9342 1545 1727 9.32 1879 6.1843
70 0 6 f Yb Ytterbium 173.04 824 1466 6.9 1878 6.2542
71 3 6 d Lu Lutetium 174.967 1656 3315 9.84 1907 5.4259
72 4 6 d Hf Hafnium 178.49 2150 5400 13.31 1923 6.8251
73 5 6 d Ta Tantalum 180.9479 2996 5425 16.65 1802 7.5496
74 6 6 d W Tungsten 183.84 3410 5660 19.35 1783 7.864
75 7 6 d Re Rhenium 186.207 3180 5627 21.04 1925 7.8335
76 8 6 d Os Osmium 190.23 3045 5027 22.6 1803 8.4382
77 9 6 d Ir Iridium 192.217 2410 4527 22.4 1803 8.967
78 10 6 d Pt Platinum 195.078 1772 3827 21.45 1735 8.9587
79 11 6 d Au Gold 196.9665 1064 2807 19.32 0 9.2255
80 12 6 d Hg Mercury 200.59 -39 357 13.55 0 10.4375
81 13 6 p Tl Thallium 204.3833 303 1457 11.85 1861 6.1082
82 14 6 p Pb Lead 207.2 327 1740 11.35 0 7.4167
83 15 6 p Bi Bismuth 208.9804 271 1560 9.75 0 7.2856
84 16 6 p Po Polonium 209 254 962 9.3 1898 8.417
85 17 6 p At Astatine 210 302 337 0 1940 9.3
86 18 6 p Rn Radon 222 -71 -62 9.73 1900 10.7485
87 1 7 s Fr Francium 223 27 677 0 1939 4.0727
88 2 7 s Ra Radium 226 700 1737 5.5 1898 5.2784
89 0 7 f Ac Actinium 227 1050 3200 10.07 1899 5.17
90 0 7 f Th Thorium 232.0381 1750 4790 11.72 1829 6.3067
91 0 7 f Pa Protactinium 231.0359 1564 0 15.4 1913 5.89
92 0 7 f U Uranium 238.0289 1132 3818 18.95 1789 6.1941
93 0 7 f Np Neptunium 237 640 3902 20.2 1940 6.2657
94 0 7 f Pu Plutonium 244 640 3235 19.84 1940 6.0262
95 0 7 f Am Americium 243 994 2607 13.67 1944 5.9738
96 0 7 f Cm Curium 247 1340 0 13.5 1944 5.9915
97 0 7 f Bk Berkelium 247 986 0 14.78 1949 6.1979
98 0 7 f Cf Californium 251 900 0 15.1 1950 6.2817
99 0 7 f Es Einsteinium 252 860 0 0 1952 6.42
100 0 7 f Fm Fermium 257 1527 0 0 1952 6.5
101 0 7 f Md Mendelevium 258 0 0 0 1955 6.58
102 0 7 f No Nobelium 259 1827 0 0 1958 6.65
103 3 7 d Lr Lawrencium 262 1627 0 0 1961 4.9
104 4 7 d Rf Rutherfordium 261 0 0 0 1964 0
105 5 7 d Db Dubnium 262 0 0 0 1967 0
106 6 7 d Sg Seaborgium 263 0 0 0 1974 0
107 7 7 d Bh Bohrium 262 0 0 0 1981 0
108 8 7 d Hs Hassium 265 0 0 0 1984 0
109 9 7 d Mt Meitnerium 266 0 0 0 1982 0
110 10 7 d Ds Darmstadtium 281 0 0 0 1994 0
111 11 7 d Rg Roentgenium 272 0 0 0 1994 0
112 12 7 p Cn Copernicium 285 0 0 0 1996 0
113 13 7 p Ut Ununtrium 284 0 0 0 2003 0
114 14 7 p Fl Flerovium 289 0 0 0 1999 0
115 15 7 p Up Ununpentium 288 0 0 0 2003 0
116 16 7 p Lv Livermorium 292 0 0 0 2000 0
117 17 7 p Us Ununseptium 0 0 0 0 2010 0
118 18 7 p Uo Ununoctium 294 0 0 0 2002 0
